5

5

5

0.003479031776474897
-0.0012406758627258804
0.0010642109453458158
0.0001527038234075892
-0.0009829783632067015
-0.025305962316518674
0.028367923947505643
-0.03168897942076768
0.02552224848918993
-0.016712444861328092
0.005489401288886175
-0.03003012089135311
0.1056672627534084
-0.14537535627294715
0.15015262753753275
0.05406564178046876
-0.06815221670427674
0.055157147401021484
-0.013607930770914278
-0.0009008719359316266
-0.04533110271574248
-0.03137693032456143
-0.2312981475433338
0.11739387203227898
0.016031288045606135
-0.09005034777866264
-0.19747391709377832
0.163356857377166
-0.10508444726007396
0.06895917554895355
0.06139900972148886
-0.0508186718653858
-0.0888632190777664
0.14709173614501153
-0.12963436911084614
-0.03374948612477639
0.03562525041303734
0.06377345895945183
-0.002181833934327554
0.036241240045794515
0.049190777124024185
0.07207838902404966
0.3212604266118001
-0.13311350416182566
0.0029465966463851825
0.08292831960166283
-0.22050248983710924
0.020828206895427304
-0.011225098848170051
0.050973894073688214
-0.1844171685542515
0.06833004112004223
0.008700244264339407
-0.02504363678514826
-0.2696348184493332
0.08506950366925281
0.07707316765662364
-0.17372436484570236
-0.0991181715095461
0.02292470114105216
-0.0017186791701910313
-0.008519752262844682
-0.003655613437049482
-0.01969789176078423
0.0283649325440204
-0.04496317585893668
0.06088724666047273
-0.08070829898782901
0.08140303991963432
-0.05713352868065025
-0.10776050520375897
0.18195911648443058
-0.16061363350261043
0.006439850353003332
-0.07682234827332754
0.04289950867802831
0.007762395816893341
0.033652542157394286
0.08424214111944099
-0.03422560509642908

-0.009497098616162613
0.011229137202053985
-0.004517282250197941
-0.00018542571258654307
0.02301554841685095
-0.026012257875205197
0.004357532448714022
0.002326284331892874
-0.05548117553275408
0.042957046087912704
-0.03489698124762905
-0.008180130813621438
0.07076197857689358
-0.04726625043452164
-0.002752816318461828
0.021835262651365758
-0.06279371570581593
0.029259026744252965
0.016826480122629963
-0.0032159229078291187
-0.04561708164327731
-0.08596838805162225
0.07453518368827312
-0.004319213325102072
0.03932674773050458
0.08398391987323801
-0.21307959378200075
0.06868019295824696
0.03216274509651744
-0.1866020181161125
-0.04367159934204706
0.07581907018683842
-0.04986972948347791
0.04734107186490903
-0.0891347949682251
-0.006276430007228152
0.05794383869882337
-0.059225383936385545
-0.03224622106561441
0.07187763322562167
0.09570537781065522
0.13364547935367413
-0.30177531159993176
0.046778385078179954
-0.08010078694060603
-0.05752897236436169
0.03340140367165531
0.0883651553425012
0.05637872698198337
-0.04816189866007112
0.12709812110996352
-0.18395931579587854
-0.0416455329839778
-0.03161975001380943
-0.05970488561205199
0.1474415008188797
0.05638089290441453
0.04283706187575158
-0.16847415689224904
-0.00855394172800339
-0.011231582648383233
-0.009265566271333877
0.02521329333007983
-0.0288720767154639
-0.0011584774394479752
0.012992558972499985
-0.0074461978380668675
0.021869379512932153
0.009392680838250381
-0.08960119078103454
-0.19825333001199125
0.09265156241565012
-0.0032753306586130425
0.045483466604820805
-0.023921645808220163
0.0031955028450951634
0.029847442413455837
-0.06021754520044699
0.09974484329123226
-0.030074879659754368

-0.00015205876875906688
-0.004056286158086648
0.0031751609369969737
0.004159021657187968
-0.018763247594162077
0.016731836216391776
0.01407054519510799
-0.036211258070109525
0.031103728533291505
0.027880999031077203
-0.04807589768219622
-0.08557731109503552
-0.03537707366479675
0.017222983709867468
-0.0354297544494117
0.005915318535869062
-0.02794499816257185
0.030880222111100836
-0.004788146639976766
0.0027829937993228415
0.006059590091418633
0.007819435621547188
-0.0038861690185065523
0.016529850425922796
-0.05961990339611686
-0.01759308809124998
0.1708225564149921
-0.41112068837050264
0.22039647910265825
-0.1826116575742054
0.01375602728143227
0.01825944526008129
-0.1268429999275348
0.06084913140501293
-0.06586538874531567
0.031146171502646668
0.12064716204052145
-0.08242540086004663
0.09514714117877973
-0.16465264961169615
0.13463025277075313
-0.2134916308598909
-0.019669203181607753
-0.05229908292057839
0.04320817438254325
-0.10419341031932527
0.022822746272600947
-0.09831769195289061
0.026075552923700993
0.002841545535298355
0.05333182675672293
-0.14650069956988537
0.2875984575567041
-0.3331231712968737
0.03350372948406889
0.045472828604825336
-0.020092696937579382
-0.17040398265044981
0.2008776845898954
-0.1391087178711517
-0.0468219154932199
0.07214731029343971
0.05698582421664178
-0.0643651220566058
0.02280352080741939
-0.024280718534330697
0.10203359624860438
-0.24530498010308607
0.17119687675959636
-0.08893387589503746
0.06219952275052995
0.11322721430239197
-0.2971443071289055
0.037084109950735814
-0.14050748346948944
0.0336095403257341
-0.04480757570415381
0.15195817575820655
-0.11727026384485734
0.0873730066641138
